index:1.33403     1.11643
qjoin:0.805635    1.13869
qplus:0.687019    0.8912
Umbra: 0.045950   1.2596