index:1.33403
qjoin:0.805635
qplus:0.687019
Umbra: